const texture_01_animation = `
guaanimation
1.1
skeletons 1
frames 182
0.852753232231 0.228764012882 -0.469551862236 0.0 -0.431761462413 0.814635865281 -0.387234356138 0.0 0.293928502351 0.532949747545 0.793454851959 0.0
0.852753232231 0.228764012882 -0.469551862236 0.0 -0.431761462413 0.814635865281 -0.387234356138 0.0 0.293928502351 0.532949747545 0.793454851959 0.0
0.855957003282 0.227552824294 -0.464281510172 0.0 -0.427122475237 0.8172313037 -0.386910050787 0.0 0.291382909037 0.529483435444 0.796707783263 0.0
0.86459384203 0.224072151065 -0.449743437353 0.0 -0.414235915191 0.824468359506 -0.385565209452 0.0 0.284404808135 0.519657190166 0.805648999142 0.0
0.877059115671 0.218378792601 -0.427876162645 0.0 -0.394606888045 0.835470938945 -0.382457467027 0.0 0.273957499486 0.504280688823 0.818931178644 0.0
0.891689484151 0.210464304379 -0.400742611206 0.0 -0.369862045175 0.849154118688 -0.377013726877 0.0 0.260944307071 0.484398657406 0.835024556112 0.0
0.907067522999 0.200317404084 -0.370272124716 0.0 -0.341440141795 0.864565971291 -0.368706266364 0.0 0.246266397 0.460867246511 0.852616116903 0.0
0.921906660651 0.187924855852 -0.338780692485 0.0 -0.310811437318 0.880793105795 -0.357211079359 0.0 0.23126685772 0.434612187286 0.870418225443 0.0
0.935288494489 0.173271937647 -0.308564851694 0.0 -0.279233277685 0.896993450395 -0.342682836719 0.0 0.217403331874 0.406668889359 0.887330944866 0.0
0.946536822357 0.156343859878 -0.282178385779 0.0 -0.247802368301 0.912426468444 -0.325686852585 0.0 0.206547888363 0.378199070808 0.902387628823 0.0
0.956919914419 0.13538787216 -0.25685482565 0.0 -0.212981155195 0.928549906185 -0.304029767056 0.0 0.197340581025 0.345637376156 0.917382962173 0.0
0.967452354425 0.10879218942 -0.228473634013 0.0 -0.171421475834 0.945905583724 -0.275458353119 0.0 0.186146768817 0.305658119803 0.933767901707 0.0
0.977040484447 0.0786835239455 -0.197991905925 0.0 -0.126241650198 0.962403633745 -0.240504244267 0.0 0.171624408252 0.25997720826 0.950240450453 0.0
0.984986903841 0.0461455554858 -0.166347188044 0.0 -0.0795888600197 0.976478681932 -0.200387118082 0.0 0.153187508049 0.210618070074 0.965491385739 0.0
0.990793581088 0.0127926083926 -0.13477547568 0.0 -0.0340683535619 0.987048515475 -0.156762799744 0.0 0.131024528085 0.159911154296 0.978397156461 0.0
0.994345161953 -0.0194588060435 -0.104398533365 0.0 0.0077114981875 0.993704411391 -0.111767954162 0.0 0.10591615409 0.110330855381 0.988235230425 0.0
0.995842755181 -0.0493639530566 -0.0765532957634 0.0 0.0441676636003 0.996697159546 -0.068146824168 0.0 0.0796644490704 0.0644823409215 0.994733935916 0.0
0.995786017254 -0.0752488112778 -0.0524196932661 0.0 0.0738100304071 0.996854485048 -0.0288654646758 0.0 0.054426898241 0.0248747269518 0.998207874497 0.0
0.994853537853 -0.0957809490902 -0.0330522013175 0.0 0.0959294885575 0.995383806911 0.00293430806441 0.0 0.0326185751629 -0.00608988752712 0.999449319288 0.0
0.993834358014 -0.109109357438 -0.0197082964673 0.0 0.109574412514 0.993681585693 0.0242972092354 0.0 0.0169327183977 -0.0263069263491 0.999510494529 0.0
0.993400229572 -0.113928097455 -0.0132805307433 0.0 0.114303971223 0.992923731505 0.0322035025455 0.0 0.00951767036561 -0.0335089842257 0.999393096798 0.0
0.994086019212 -0.108030777807 -0.0110606262858 0.0 0.108324904079 0.993637953142 0.0308112517154 0.0 0.00766169457504 -0.0318271758461 0.99946402102 0.0
0.99568830019 -0.0922874897221 -0.00937166504751 0.0 0.092506772534 0.995358023105 0.0265500070792 0.0 0.00687792848945 -0.0273024739055 0.999603555925 0.0
0.997553353928 -0.0694261000916 -0.00820504067248 0.0 0.0695796305389 0.997371824837 0.0202019314736 0.0 0.00678093507184 -0.0207234081959 0.999762251374 0.0
0.999079637 -0.0422574208223 -0.00736133936952 0.0 0.0423476100053 0.999023987994 0.0125599099713 0.0 0.00682340521277 -0.0128600854236 0.999894024057 0.0
0.999882522178 -0.0137495690702 -0.00677430387109 0.0 0.0137801319417 0.999894987455 0.00448575816363 0.0 0.0067119152425 -0.00457858198769 0.999966992846 0.0
0.999890303217 0.0133986025999 -0.00631339702112 0.0 -0.0134186973469 0.999904999309 -0.0031513360529 0.0 0.00627057374461 0.00323570792532 0.99997510474 0.0
0.999322420356 0.0363280049829 -0.00591407024343 0.0 -0.0363841811598 0.999290938082 -0.00968568159967 0.0 0.00555801531202 0.00989429738211 0.999935603599 0.0
0.998633792765 0.0519765686622 -0.00538370289867 0.0 -0.0520486734254 0.998542831639 -0.014253033978 0.0 0.00463503413793 0.0145137759739 0.999883926646 0.0
0.998303761272 0.0580283829975 -0.00472302841358 0.0 -0.0580969440963 0.998183143038 -0.0159736671567 0.0 0.00378752127088 0.0162209655215 0.999861257855 0.0
0.998489225953 0.0548115207645 -0.00386818398309 0.0 -0.0548640524038 0.998379407509 -0.0151160317196 0.0 0.0030333825467 0.0153054190599 0.999878263959 0.0
0.998915406506 0.0464642652714 -0.00301375128243 0.0 -0.0464994225245 0.998835141749 -0.01289043494 0.0 0.00241129610087 0.0130165917524 0.999912373156 0.0
0.999379760108 0.0351487583146 -0.00215867464964 0.0 -0.035168243246 0.99933363084 -0.0097718442527 0.0 0.0018137679835 0.00984170016023 0.999949924338 0.0
0.999738103443 0.0228400165082 -0.00143463255372 0.0 -0.02284864098 0.999718995388 -0.0063142588873 0.0 0.00129001163814 0.00634538460879 0.999979035762 0.0
0.999933693629 0.0114847494384 -0.000841948071238 0.0 -0.011487367318 0.99992898254 -0.00317336870366 0.0 0.000805442933788 0.00318283005586 0.999994610413 0.0
0.999995209562 0.00306299504374 -0.000445998877271 0.0 -0.00306337229116 0.999994948619 -0.000847636388796 0.0 0.000443400318303 0.000848998588849 0.999999541299 0.0
0.999999969248 -7.78512841689e-11 -0.000247999998256 0.0 8.96561781522e-11 1.0 4.76003681821e-08 0.0 0.000247999998256 -4.7600388953e-08 0.999999969248 0.0
0.999999983256 -5.74467123384e-11 -0.000182999997536 0.0 6.61575808282e-11 1.0 4.76003688489e-08 0.0 0.000182999997536 -4.76003801587e-08 0.999999983255 0.0
0.999999983256 -5.74467123384e-11 -0.000182999997536 0.0 6.61575808282e-11 1.0 4.76003688489e-08 0.0 0.000182999997536 -4.76003801587e-08 0.999999983255 0.0
0.999999983256 -5.74467123384e-11 -0.000182999997536 0.0 6.61575808282e-11 1.0 4.76003688489e-08 0.0 0.000182999997536 -4.76003801587e-08 0.999999983255 0.0
0.999999983256 -5.74467123384e-11 -0.000182999997536 0.0 6.61575808282e-11 1.0 4.76003688489e-08 0.0 0.000182999997536 -4.76003801587e-08 0.999999983255 0.0
0.999999983256 -5.74467123384e-11 -0.000182999997536 0.0 6.61575808282e-11 1.0 4.76003688489e-08 0.0 0.000182999997536 -4.76003801587e-08 0.999999983255 0.0
0.999999983256 -5.74467123384e-11 -0.000182999997536 0.0 6.61575808282e-11 1.0 4.76003688489e-08 0.0 0.000182999997536 -4.76003801587e-08 0.999999983255 0.0
0.999999983256 -5.74467123384e-11 -0.000182999997536 0.0 6.61575808282e-11 1.0 4.76003688489e-08 0.0 0.000182999997536 -4.76003801587e-08 0.999999983255 0.0
0.999999983256 -5.74467123384e-11 -0.000182999997536 0.0 6.61575808282e-11 1.0 4.76003688489e-08 0.0 0.000182999997536 -4.76003801587e-08 0.999999983255 0.0
0.999999983256 -5.74467123384e-11 -0.000182999997536 0.0 6.61575808282e-11 1.0 4.76003688489e-08 0.0 0.000182999997536 -4.76003801587e-08 0.999999983255 0.0
0.999999983256 -5.74467123384e-11 -0.000182999997536 0.0 6.61575808282e-11 1.0 4.76003688489e-08 0.0 0.000182999997536 -4.76003801587e-08 0.999999983255 0.0
0.999999983256 -5.74467123384e-11 -0.000182999997536 0.0 6.61575808282e-11 1.0 4.76003688489e-08 0.0 0.000182999997536 -4.76003801587e-08 0.999999983255 0.0
0.999999983256 -5.74467123384e-11 -0.000182999997536 0.0 6.61575808282e-11 1.0 4.76003688489e-08 0.0 0.000182999997536 -4.76003801587e-08 0.999999983255 0.0
0.999999950702 -9.85697786328e-11 -0.00031399998366 0.0 1.13516298783e-10 1.0 4.76003672993e-08 0.0 0.00031399998366 -4.76004005968e-08 0.999999950702 0.0
0.999999950702 -9.85697786328e-11 -0.00031399998366 0.0 1.13516298783e-10 1.0 4.76003672993e-08 0.0 0.00031399998366 -4.76004005968e-08 0.999999950702 0.0
0.999524812208 -0.00759291779048 0.0298746946408 0.0 0.008329783708 0.999662213115 -0.0246185777923 0.0 -0.0296776765234 0.0248557290894 0.999250433199 0.0
0.996778771484 -0.0610220476092 0.0520421984911 0.0 0.0608134762259 0.998133531808 0.00558334936892 0.0 -0.052285770794 -0.00240049712403 0.998629278454 0.0
0.996795890506 -0.0610220506091 0.051713267244 0.0 0.0605083999002 0.998102103974 0.0114421844086 0.0 -0.0523133463957 -0.00827643534234 0.998596422188 0.0
0.996877416326 -0.060734581324 0.0504651112209 0.0 0.0600944933377 0.998093002204 0.0141071195549 0.0 -0.0512256643649 -0.0110303936036 0.998626187183 0.0
0.997015534237 -0.0603852226041 0.0481004093648 0.0 0.0597434359719 0.998105937584 0.0146717148609 0.0 -0.0488952589551 -0.0117542439031 0.998734745266 0.0
0.997295957092 -0.0584426703995 0.0445559002236 0.0 0.0578692580165 0.998225247382 0.0140536282348 0.0 -0.0452981560859 -0.0114372097348 0.998908037453 0.0
0.997741863065 -0.0539827380873 0.0399629663183 0.0 0.0535097216288 0.998485112747 0.0128136377926 0.0 -0.0405941421829 -0.0106462956407 0.999118997922 0.0
0.998267195815 -0.0477068836693 0.0344479173586 0.0 0.0473507563758 0.998816853818 0.0110814439377 0.0 -0.0349358215935 -0.0094311070228 0.99934505682 0.0
0.998808855393 -0.0396755760986 0.0284028000173 0.0 0.0394351870976 0.999181827601 0.00897448666901 0.0 -0.028735629559 -0.00784372702484 0.999556271323 0.0
0.99927815279 -0.0309080732877 0.0220876518238 0.0 0.0307647532642 0.999503525926 0.00679938360802 0.0 -0.0222868417242 -0.00611495433339 0.999732916343 0.0
0.99964167445 -0.0216201857791 0.0157825938789 0.0 0.0215500655029 0.999757189992 0.00459953657034 0.0 -0.0158782045423 -0.00425777250697 0.999864867867 0.0
0.999877328187 -0.012345684645 0.00963912068137 0.0 0.0123224047921 0.999921023598 0.00247081115257 0.0 -0.0096688632736 -0.00235173090681 0.999950489997 0.0
0.99998550176 -0.00363699143234 0.00397096508699 0.0 0.0036347144304 0.999993225925 0.000580478950638 0.0 -0.00397304938434 -0.000566037210611 0.999991947208 0.0
0.99999156533 0.00401998936156 -0.000841994494489 0.0 -0.00402074580383 0.999991512993 -0.000898635669983 0.0 0.000838374842642 0.000902013536118 0.999999241749 0.0
0.99993828462 0.0101128251992 -0.0045997519221 0.0 -0.0101222139703 0.999946723786 -0.00202246731493 0.0 0.00457905400631 0.00206890217076 0.999987375874 0.0
0.999875795326 0.0140685349691 -0.00710424129875 0.0 -0.0140887247344 0.999896828804 -0.00279992565193 0.0 0.00706411749373 0.00289966758819 0.999970844661 0.0
0.999846629773 0.0155993646881 -0.00796095172812 0.0 -0.0156241334251 0.999873257604 -0.00305862437272 0.0 0.00791223014099 0.0031825382428 0.999963633371 0.0
0.999859429296 0.014929442747 -0.00763108035953 0.0 -0.014952413081 0.999883819311 -0.00296196274435 0.0 0.00758597332215 0.00307564944495 0.999966496133 0.0
0.999891090696 0.0131116227663 -0.00677437044859 0.0 -0.0131298429037 0.99991028269 -0.00265213056192 0.0 0.00673898893484 0.00274078813999 0.999973536704 0.0
0.999928642302 0.0105588032317 -0.00558766311892 0.0 -0.0105707670741 0.999941889168 -0.0021159324322 0.0 0.00556499670097 0.00217484732946 0.999982150266 0.0
0.999961143547 0.00778392299893 -0.00413786641319 0.0 -0.00779057854947 0.999968381294 -0.00159477208944 0.0 0.00412532199607 0.00162694649557 0.999990167333 0.0
0.999984318611 0.00491297975057 -0.00268796608304 0.0 -0.00491552676036 0.999987475249 -0.000941775777659 0.0 0.00268330549161 0.000954973778519 0.99999594394 0.0
0.999995933189 0.00242499811975 -0.00150099629797 0.0 -0.0024256854792 0.999996953923 -0.00045628452258 0.0 0.00149988523671 0.000459923611881 0.999998769407 0.0
0.99999964575 0.000541999793733 -0.000644000095723 0.0 -0.000542079536596 0.999999845429 -0.000123656206307 0.0 0.000643932974542 0.000124005261775 0.999999784986 0.0
0.999999950702 -9.85697786328e-11 -0.00031399998366 0.0 1.13516298783e-10 1.0 4.76003672993e-08 0.0 0.00031399998366 -4.76004005968e-08 0.999999950702 0.0
0.999999969248 -7.78512841689e-11 -0.000247999998256 0.0 8.96561781522e-11 1.0 4.76003681821e-08 0.0 0.000247999998256 -4.7600388953e-08 0.999999969248 0.0
0.999999969248 -7.78512841689e-11 -0.000247999998256 0.0 8.96561781522e-11 1.0 4.76003681821e-08 0.0 0.000247999998256 -4.7600388953e-08 0.999999969248 0.0
0.999858467038 0.0160143171575 0.00515631059081 0.0 -0.016015928828 0.999871699947 0.000271420103848 0.0 -0.00515130242826 -0.000353964792394 0.999986669307 0.0
0.99809080471 0.058314903477 0.0203498792786 0.0 -0.0583394451994 0.998296615363 0.000613912195688 0.0 -0.0202794153765 -0.00179994078441 0.999792731282 0.0
0.992089878558 0.117762103244 0.0434713687602 0.0 -0.117859928195 0.993030179947 -0.00031470656933 0.0 -0.04320544165 -0.00481131519849 0.999054623661 0.0
0.980050856006 0.185072881237 0.0724454848382 0.0 -0.185297762977 0.982675592978 -0.00366305909366 0.0 -0.0718683426725 -0.00983400207796 0.997365646954 0.0
0.962151585565 0.251463461498 0.105025967867 0.0 -0.251885591195 0.967710942139 -0.00944359106229 0.0 -0.104009496411 -0.0173683618929 0.994424640011 0.0
0.93673820741 0.319955985083 0.141949633276 0.0 -0.321805186171 0.946749203444 -0.0103618498437 0.0 -0.137706038107 -0.0359737875152 0.989819647047 0.0
0.899715792287 0.396559568552 0.182351313953 0.0 -0.402705458752 0.915322476683 -0.00361623695584 0.0 -0.168344309681 -0.0701802840416 0.983226790283 0.0
0.850502825554 0.476982384425 0.221659082088 0.0 -0.490243401323 0.871567881294 0.00555299523568 0.0 -0.190542255637 -0.113389740475 0.975108412215 0.0
0.790499715753 0.556536368916 0.255690182581 0.0 -0.578592059459 0.815500828518 0.0137705270959 0.0 -0.200851756591 -0.158825907078 0.966660696995 0.0
0.72273971691 0.631281199853 0.281302947571 0.0 -0.662018402135 0.749233439712 0.0195163534686 0.0 -0.198441267975 -0.200332971648 0.959420535342 0.0
0.651663967594 0.698016731495 0.296827754585 0.0 -0.735637454478 0.676983066462 0.0230534876235 0.0 -0.18485564343 -0.233380741013 0.954652722625 0.0
0.582594851949 0.754336708115 0.302587787713 0.0 -0.796119289652 0.604598244838 0.0255937293563 0.0 -0.16363775581 -0.255806749577 0.952777829163 0.0
0.52081474153 0.798977082893 0.300645349236 0.0 -0.84225491128 0.538329536652 0.0284248903674 0.0 -0.139135435563 -0.268024123877 0.953312330556 0.0
0.470780945089 0.831783571681 0.294111189217 0.0 -0.874654344907 0.483680360004 0.0321416595876 0.0 -0.11552090147 -0.272377310411 0.955230611997 0.0
0.436783585849 0.852552638616 0.287008880561 0.0 -0.894344124342 0.445882294394 0.0365727603794 0.0 -0.0967919748131 -0.272659087387 0.95722951045 0.0
0.422526899285 0.861202165131 0.282492212555 0.0 -0.902308714479 0.429090908904 0.0414725894047 0.0 -0.0854985564546 -0.272418469767 0.958372669776 0.0
0.420189755723 0.863141475675 0.28004885673 0.0 -0.904002627066 0.424988602711 0.046518145092 0.0 -0.0788658319123 -0.272711350214 0.958858018698 0.0
0.419976385673 0.864331236855 0.276679143548 0.0 -0.904784730416 0.422487843236 0.0535594429021 0.0 -0.0706004750972 -0.272828765555 0.959468622521 0.0
0.42153694943 0.864844322913 0.272673609633 0.0 -0.904755922725 0.421350828363 0.0622912492415 0.0 -0.061019018018 -0.272961126468 0.960087966219 0.0
0.424263958924 0.865100226959 0.267584921986 0.0 -0.904182840334 0.420874570265 0.0729245318791 0.0 -0.0495326599708 -0.27288494539 0.960770691776 0.0
0.570107838187 0.783113061173 0.248416960489 0.0 -0.821550698 0.541343296911 0.17889070827 0.0 0.00561279376866 -0.306074122249 0.951991138738 0.0
0.624292868924 0.752343336666 0.210328118863 0.0 -0.780881468303 0.608572825292 0.14093703834 0.0 -0.0219669358505 -0.252227318286 0.967418644455 0.0
0.652506604634 0.736540293471 0.17816713222 0.0 -0.755941492314 0.649055247454 0.0853214272641 0.0 -0.0527976430147 -0.190356722618 0.980294204332 0.0
0.674710976816 0.721319788979 0.156406073385 0.0 -0.7353838746 0.675080351516 0.0589667361813 0.0 -0.0630527933012 -0.154804008426 0.985931064645 0.0
0.690237811973 0.709686504552 0.141126993095 0.0 -0.720355265293 0.692363112925 0.0414923080144 0.0 -0.0682645932165 -0.130301132449 0.989121610418 0.0
0.696206391206 0.704951107472 0.135427459985 0.0 -0.714439705953 0.698809611456 0.0352283053057 0.0 -0.069803777853 -0.121280925995 0.990160779665 0.0
0.695613095088 0.705200024233 0.137169048127 0.0 -0.714973951956 0.698213456601 0.0361969203747 0.0 -0.0702472061059 -0.12325134824 0.989886071824 0.0
0.694149886958 0.705652109767 0.142165517678 0.0 -0.71626554892 0.696738707683 0.0389722548206 0.0 -0.0715513652276 -0.128880848835 0.989075390927 0.0
0.69178113695 0.706352568973 0.150016355322 0.0 -0.718346078359 0.694339604594 0.0432599722357 0.0 -0.0736055043148 -0.137690093313 0.987736638957 0.0
0.688384606292 0.707412815726 0.160292675958 0.0 -0.721327725613 0.690874766026 0.0487685342338 0.0 -0.0762426788769 -0.149195059619 0.985864031245 0.0
0.684148487676 0.708629544545 0.172583357854 0.0 -0.725017544204 0.686508907847 0.0552727785047 0.0 -0.0793120886551 -0.162940750105 0.983442883216 0.0
0.678865084903 0.710203397454 0.186422452363 0.0 -0.729597158675 0.681024819506 0.0623953625681 0.0 -0.082644918491 -0.178371324665 0.980486352779 0.0
0.672858662564 0.711818579961 0.201433684955 0.0 -0.734742182872 0.674728779127 0.0699642717807 0.0 -0.0861112357379 -0.195077891726 0.977000241167 0.0
0.665777954577 0.713854622784 0.217143484197 0.0 -0.740755883208 0.667286254297 0.0775227471143 0.0 -0.0895568908166 -0.212463249426 0.973056489085 0.0
0.658121100083 0.715906913403 0.23313924802 0.0 -0.74717347713 0.65916349885 0.0850604306225 0.0 -0.0927815321047 -0.230175526774 0.968716064786 0.0
0.649593424729 0.718352341232 0.248994571015 0.0 -0.754230703477 0.65012106102 0.0920795957352 0.0 -0.0957310215205 -0.2476136504 0.964117758188 0.0
0.640688527704 0.720833407351 0.264419003315 0.0 -0.76147087382 0.640668384426 0.0985196910318 0.0 -0.0983886110876 -0.264467805306 0.959362528539 0.0
0.631482736469 0.723481480734 0.278933864163 0.0 -0.768840605019 0.630888253662 0.104231163599 0.0 -0.100566781869 -0.280275861298 0.954636980196 0.0
0.622204889751 0.726228835858 0.292323028751 0.0 -0.776126508772 0.621088645401 0.108979525307 0.0 -0.102414440151 -0.294687245267 0.950089843081 0.0
0.613074531268 0.729117212268 0.304183677874 0.0 -0.783169653089 0.611512123852 0.112686365023 0.0 -0.103850438572 -0.307312565893 0.945924982889 0.0
0.604335423433 0.732122824855 0.314284688317 0.0 -0.789780337742 0.602473748153 0.115205906542 0.0 -0.10500340042 -0.317838877598 0.94231243958 0.0
0.593905199338 0.736971717958 0.322721708488 0.0 -0.797494924849 0.592219283567 0.115230920378 0.0 -0.106200089639 -0.325805167395 0.939453316487 0.0
0.580779318923 0.744366155074 0.329567003644 0.0 -0.806921678271 0.579898558069 0.112227748284 0.0 -0.107576892718 -0.331114314896 0.937438276701 0.0
0.5670697237 0.752616700583 0.334664056131 0.0 -0.81643245998 0.567342847645 0.107518052051 0.0 -0.108949377023 -0.334200830683 0.936183656137 0.0
0.554582483263 0.760398346588 0.337983170831 0.0 -0.824802418565 0.556093665386 0.10227807999 0.0 -0.11017821739 -0.33549096832 0.935578201215 0.0
0.542250697418 0.768195076564 0.340353500779 0.0 -0.832795455089 0.545111241355 0.0964648357237 0.0 -0.111426707445 -0.33575297302 0.935336319179 0.0
0.661351835309 0.693984860089 0.284602817802 0.0 -0.736582201362 0.672534994928 0.0717170916459 0.0 -0.141634778815 -0.257063600233 0.955959149161 0.0
0.67448191332 0.696442689212 0.24503413894 0.0 -0.732184870204 0.673586336021 0.100929499011 0.0 -0.0947600361365 -0.247485410819 0.964246600711 0.0
0.655458444374 0.722357332936 0.220395352157 0.0 -0.754428591286 0.639711891692 0.146990463219 0.0 -0.0348098886701 -0.262618695413 0.964271586468 0.0
0.64354456774 0.731775271638 0.224399958003 0.0 -0.765408106673 0.615612444193 0.187541325565 0.0 -0.000905302164465 -0.292448748286 0.956280769468 0.0
0.632802333033 0.737661354955 0.235408013274 0.0 -0.773867040111 0.592180012417 0.224616644806 0.0 0.0262870983292 -0.324312439322 0.945584702796 0.0
0.628116980669 0.739639888389 0.241664838359 0.0 -0.777215675272 0.581402494032 0.240638596333 0.0 0.0374813647918 -0.338974889096 0.940048494417 0.0
0.631059280523 0.738587068824 0.237177836721 0.0 -0.774507706935 0.582700427755 0.246166657759 0.0 0.0436118832853 -0.339041816389 0.939759889746 0.0
0.638254965144 0.735741667429 0.226527698699 0.0 -0.767709155039 0.586518159395 0.258106764671 0.0 0.0570372925209 -0.33864531225 0.93918374121 0.0
0.647900633249 0.731057299656 0.213962599663 0.0 -0.758470461322 0.593221623558 0.269834513445 0.0 0.0703372500002 -0.337110263806 0.938834032883 0.0
0.658436770196 0.72444990911 0.204042517246 0.0 -0.748791500015 0.603174086156 0.274758641892 0.0 0.0759757142692 -0.333696495306 0.939613931283 0.0
0.66827664885 0.71612958464 0.201406898106 0.0 -0.740906824224 0.616404301856 0.266651110016 0.0 0.0668086702434 -0.327420455466 0.942513897469 0.0
0.680279223844 0.702889055722 0.207767064166 0.0 -0.731948891891 0.636648968829 0.242752775779 0.0 0.0383535821836 -0.31721454228 0.947577931834 0.0
0.695165986135 0.684695016196 0.218945167834 0.0 -0.71884569867 0.663091811528 0.208734546704 0.0 -0.00226124412851 -0.302492949142 0.953148940352 0.0
0.709509514831 0.665563883104 0.231562013014 0.0 -0.703187367373 0.69016487971 0.170879973029 0.0 -0.0460844304629 -0.284072449073 0.957694663735 0.0
0.720043015799 0.650382036098 0.241953017173 0.0 -0.688755733914 0.712322791295 0.134951028165 0.0 -0.0845789240835 -0.263817073221 0.960857407464 0.0
0.724282380151 0.644010438155 0.246303855733 0.0 -0.680684369263 0.724792832394 0.106508870767 0.0 -0.109926444696 -0.244797683114 0.963322516657 0.0
0.72545042223 0.64396148725 0.242971784008 0.0 -0.678122382247 0.729140979743 0.0922142416085 0.0 -0.11777826447 -0.231661465501 0.965640329429 0.0
0.727560818417 0.643912543249 0.236710566202 0.0 -0.676298978082 0.731128267616 0.089839571115 0.0 -0.115216959473 -0.22545086591 0.967417675728 0.0
0.728762603795 0.643766409391 0.233387826267 0.0 -0.67550361667 0.731730453157 0.0909142881416 0.0 -0.112249415036 -0.223909254078 0.968124328153 0.0
0.657732499004 0.712960422807 0.243054305178 0.0 -0.74777660435 0.656859358899 0.0967777485489 0.0 -0.0906537905533 -0.2454041934 0.965172871625 0.0
0.643475688021 0.715416559421 0.272246552656 0.0 -0.758534349657 0.643712778902 0.101289183375 0.0 -0.10278462588 -0.271685488727 0.956881557926 0.0
0.636634991628 0.714546879408 0.290032144017 0.0 -0.763604425027 0.636646272054 0.10765596295 0.0 -0.107722650889 -0.290007381643 0.950942453084 0.0
0.771572669522 0.579482130464 0.262442519648 0.0 -0.63139095489 0.747925521901 0.204824011707 0.0 -0.077595603803 -0.323740442579 0.942958667233 0.0
0.765008682909 0.61274798454 0.198246368228 0.0 -0.626166937164 0.779661999329 0.006491040322 0.0 -0.150587787937 -0.129101023404 0.980130727954 0.0
0.751611271523 0.629002238668 0.198586707185 0.0 -0.646571396574 0.762131870397 0.0331728994499 0.0 -0.130483430566 -0.153333609741 0.979521760081 0.0
0.739277773456 0.641737737927 0.204061386337 0.0 -0.667138656011 0.739195626752 0.0922813038862 0.0 -0.0916208891605 -0.204358755893 0.974598949086 0.0
0.729753328014 0.650188171638 0.211460213079 0.0 -0.680956900242 0.718908535523 0.139528554659 0.0 -0.061300736261 -0.245816718338 0.967376018268 0.0
0.721718072725 0.656274991807 0.220059443402 0.0 -0.69069279463 0.703675535277 0.166685945714 0.0 -0.0454586289702 -0.272293731439 0.961139759281 0.0
0.713461848442 0.661673994632 0.230563907941 0.0 -0.700025604984 0.68745784795 0.193302508155 0.0 -0.030599725225 -0.299314603921 0.953663685319 0.0
0.705457841398 0.666277811501 0.241667357977 0.0 -0.708547993662 0.671168624519 0.217927552501 0.0 -0.0169992554986 -0.324971622397 0.945570975628 0.0
0.698077501071 0.670146529215 0.252173416282 0.0 -0.71600367693 0.655868438933 0.239113624528 0.0 -0.00515141931198 -0.347476934764 0.937674379881 0.0
0.692022192191 0.673030148775 0.261028167744 0.0 -0.721864033499 0.643083699785 0.255647554674 0.0 0.00419555189531 -0.365340627238 0.930864449549 0.0
0.687836708359 0.674939001718 0.26709175688 0.0 -0.725791118071 0.634246719011 0.266380090008 0.0 0.0103882415519 -0.377078829137 0.926122908179 0.0
0.686282183149 0.675621307901 0.269355923272 0.0 -0.727226221548 0.630975317894 0.270207644047 0.0 0.0126011025629 -0.381321382193 0.92435664962 0.0
0.698252961701 0.665325746621 0.264167470289 0.0 -0.715789581284 0.644075935841 0.269835994998 0.0 0.00938492419166 -0.377502105628 0.925961167352 0.0
0.729788805266 0.636807151531 0.248766861675 0.0 -0.683670958407 0.678949647604 0.267621741735 0.0 0.0015232659726 -0.365382029905 0.930856407768 0.0
0.773572102886 0.593383687534 0.222445501204 0.0 -0.633668721872 0.72822510169 0.261059671703 0.0 -0.00708184707306 -0.342905235652 0.939343306148 0.0
0.822046035552 0.538383791034 0.185427098841 0.0 -0.569288010062 0.784095960662 0.247193620616 0.0 -0.0123076006118 -0.308765959951 0.951058413002 0.0
0.868064386645 0.476393289089 0.139691283724 0.0 -0.496341511544 0.838733028298 0.223991096165 0.0 -0.0104558383962 -0.263773276419 0.964528036964 0.0
0.90654187762 0.412459307742 0.0897727329348 0.0 -0.422115653728 0.886027529467 0.191764417724 0.0 -0.000446093791545 -0.211736951154 0.977326590509 0.0
0.934803835536 0.352671030216 0.0420111117894 0.0 -0.354822404422 0.922157018232 0.154037317056 0.0 0.0155836577174 -0.158901158497 0.987171500521 0.0
0.952844687801 0.303436353688 0.00365789431445 0.0 -0.30175326433 0.946145759743 0.117273904966 0.0 0.0321242649103 -0.112847598914 0.993092871298 0.0
0.964031671703 0.264624002312 -0.024840961199 0.0 -0.261906421348 0.961710335735 0.0807357207046 0.0 0.0452544186771 -0.0713257845465 0.996425948101 0.0
0.97193455997 0.230378858838 -0.0476318437317 0.0 -0.228522776701 0.972658877955 0.0413768977198 0.0 0.0558618981579 -0.0293306756893 0.99800759506 0.0
0.977516474521 0.200661375432 -0.0647808185342 0.0 -0.200848914484 0.979615349957 0.00367146825544 0.0 0.0641970060889 0.00942223637659 0.997892762711 0.0
0.981615830804 0.174779646126 -0.0766970404645 0.0 -0.177377490865 0.983732281084 -0.0284257785922 0.0 0.0704811070453 0.0415075228633 0.996649155468 0.0
0.984857539313 0.151868037969 -0.083616543226 0.0 -0.156430052554 0.986372422242 -0.0509812053519 0.0 0.0747346366512 0.0632893647054 0.995193041776 0.0
0.987562486199 0.131657628066 -0.0859453595318 0.0 -0.137066984873 0.988719573306 -0.0603841619968 0.0 0.0770258236626 0.0714134044435 0.994468274082 0.0
0.990102760952 0.112628487328 -0.0837337840887 0.0 -0.117852432832 0.991198885905 -0.0602957100996 0.0 0.0762058188804 0.0695671792082 0.994662294825 0.0
0.992592905837 0.0936216802909 -0.0774228923571 0.0 -0.0981627912785 0.9935318524 -0.0570834886359 0.0 0.0715778575388 0.0642607130831 0.995362833877 0.0
0.994856804728 0.0752168719032 -0.0678406977218 0.0 -0.0787663471744 0.995574558049 -0.0512558476545 0.0 0.0636851681248 0.0563357927705 0.996378681935 0.0
0.996743205393 0.0578057451132 -0.0562270249475 0.0 -0.0602810051167 0.997238822838 -0.0433696973409 0.0 0.0535647545001 0.0466178727231 0.997475609235 0.0
0.998172346345 0.04193868405 -0.0435099272728 0.0 -0.043440574613 0.998471605031 -0.0341668029576 0.0 0.0420105161646 0.0359944541175 0.998468585287 0.0
0.999136537976 0.0280063324121 -0.0306891483613 0.0 -0.0287629894352 0.999286018711 -0.0244978212632 0.0 0.0299811427579 0.025359379975 0.999228719026 0.0
0.999686683264 0.0163332631632 -0.01896733559 0.0 -0.0166234872606 0.999745581093 -0.0152457455174 0.0 0.0187134971675 0.0155562720317 0.999703859863 0.0
0.999928358105 0.00756092529682 -0.0092796048204 0.0 -0.00762962629629 0.99994358303 -0.00739050470417 0.0 0.00922320223924 0.00746077515137 0.999929632211 0.0
0.99999449388 0.00194599787985 -0.00268799235046 0.0 -0.00195140590241 0.999996074415 -0.00201076356147 0.0 0.00268406885689 0.00201599785411 0.999994365748 0.0
0.999999969248 -7.78512841689e-11 -0.000247999998256 0.0 8.96561781522e-11 1.0 4.76003681821e-08 0.0 0.000247999998256 -4.7600388953e-08 0.999999969248 0.0
`